286, 66.0044, 97.8096, 1358.59 
282, 66.6808, 98.4283, 1361.68 
277, 67.1764, 98.1257, 1353.53 
265, 67.7722, 95.5475, 1313.38 
258, 68.3376, 94.5821, 1295.85 
253, 68.9218, 94.3415, 1288.22 
250, 69.5441, 94.9139, 1291.44 
250, 70.0114, 96.1937, 1305.39 
246, 70.3694, 95.6252, 1295.07 
245, 70.6645, 96.0369, 1298.5 
243, 70.9768, 96.0967, 1297.04 
242, 71.379, 96.789, 1303.47 
244, 71.3782, 97.5867, 1314.22 
241, 71.4778, 96.6561, 1300.97 
240, 71.6366, 96.6831, 1300.2 
239, 71.8147, 96.7596, 1299.95 
239, 71.9415, 97.1017, 1303.64 
241, 72.0919, 98.324, 1318.96 
241, 72.1334, 98.4371, 1320.18 
243, 72.2733, 99.6396, 1335.28 
240, 72.5619, 99.1969, 1327.26 
239, 72.6471, 99.0157, 1324.22 
235, 72.961, 98.2018, 1311.1 
233, 73.0363, 97.567, 1302.09 
233, 72.8238, 97.0001, 1296.02 
230, 72.7293, 95.5029, 1276.67 
230, 72.8829, 95.9066, 1281 
232, 72.4256, 95.5304, 1279.15 
229, 72.3518, 94.1031, 1260.54 
226, 72.6168, 93.5519, 1251.35 
225, 72.6747, 93.2864, 1247.41 
226, 72.6233, 93.5686, 1251.53 
230, 72.1968, 94.1094, 1261.7 
228, 72.1086, 93.0632, 1248.27 
233, 71.4771, 93.4458, 1257.77 
241, 69.9186, 92.4851, 1255.72 
246, 68.722, 91.2004, 1246.75 
250, 67.5634, 89.5845, 1232.92 
253, 67.0965, 89.4108, 1233.9 
259, 65.935, 88.3896, 1228.25 
261, 65.5506, 88.0365, 1226.17 
261, 64.7462, 85.8892, 1202.11 
262, 64.5705, 85.751, 1201.47 
270, 63.6739, 85.9321, 1210.68 
273, 63.1703, 85.5182, 1208.63 
277, 62.5983, 85.2068, 1208.56 
279, 62.198, 84.728, 1204.82 
282, 61.8015, 84.5506, 1205.34 
284, 61.41, 84.0748, 1201.57 
285, 61.4517, 84.4855, 1207.11 
284, 61.3584, 83.9336, 1199.95 
284, 60.8766, 82.6206, 1184.86 
286, 60.1871, 81.3284, 1171.59 
290, 59.6124, 80.8986, 1169.82 
291, 59.057, 79.6719, 1156.35 
298, 58.6376, 80.4337, 1170.7 
300, 58.5041, 80.6052, 1174.25 
315, 57.172, 80.8253, 1188.22 
320, 56.8367, 81.148, 1195.74 
316, 55.0911, 75.2869, 1123.13 
324, 54.3982, 75.2634, 1128.4 
331, 53.8255, 75.2791, 1133.37 
331, 52.0513, 70.398, 1074.01 
339, 51.2977, 70.0269, 1074.52 
348, 50.9305, 70.8605, 1090.4 
358, 50.4621, 71.5623, 1105.22 
348, 48.4039, 64.0045, 1004.89 
351, 48.2915, 64.2567, 1009.78 
356, 47.0009, 61.735, 980.588 
366, 46.4216, 61.9144, 988.266 
375, 46.1087, 62.5845, 1001.63 
383, 44.8602, 60.505, 978.909 
387, 44.4851, 60.1186, 975.891 
392, 44.3084, 60.4125, 982.205 
399, 42.8167, 57.4207, 946.276 
408, 42.5878, 58.0899, 959.333 
417, 42.1293, 58.0997, 963.607 
423, 41.6564, 57.62, 959.922 
433, 41.377, 58.1937, 972.059 
445, 40.9215, 58.497, 981.407 
447, 40.3708, 57.1889, 964.61 
462, 39.8737, 57.6613, 977.35 
467, 39.8681, 58.2689, 987.704 
475, 39.376, 57.8133, 984.799 
491, 38.6966, 57.716, 989.925 
505, 38.3253, 58.2281, 1002.52 
523, 37.653, 58.2065, 1009.18 
544, 37.3313, 59.5134, 1035.34 
558, 36.9137, 59.6868, 1042.98 
568, 36.1473, 58.2598, 1026.52 
577, 36.0149, 58.7501, 1036.66 
583, 36.1445, 59.7891, 1053.49 
592, 35.6034, 58.9079, 1044.17 
593, 35.4989, 58.6617, 1041.01 
600, 35.7742, 60.2783, 1066.44 
606, 34.91, 57.975, 1035.65 
614, 34.8906, 58.6752, 1048.39 
625, 34.9878, 60.0596, 1071.94 
631, 35.1992, 61.3713, 1092.75 
629, 35.1063, 60.8541, 1084.67 
644, 35.0159, 61.9851, 1105.96 
649, 34.4922, 60.6117, 1087.91 
658, 34.3106, 60.8067, 1093.69 
672, 34.0674, 61.2234, 1104.28 
688, 33.9818, 62.3664, 1126.02 
694, 33.9799, 62.9033, 1135.74 
689, 33.9214, 62.2352, 1124.44 
697, 34.0469, 63.4246, 1144.26 
702, 34.3971, 65.2005, 1171.55 
710, 34.6352, 66.8594, 1198.09 
721, 34.4244, 67.0713, 1204.79 
732, 34.5869, 68.7393, 1232.46 
745, 34.683, 70.3491, 1259.94 
758, 34.5236, 70.9204, 1272.48 
766, 34.8379, 72.9798, 1304.75 
772, 35.1083, 74.6977, 1331.4 
781, 35.3119, 76.4475, 1359.47 
796, 35.2992, 77.8595, 1384.78 
800, 35.5895, 79.5434, 1410.16 
804, 35.9199, 81.4323, 1438.39 
818, 36.1795, 84.0518, 1480.44 
824, 36.5353, 86.342, 1514.91 
835, 36.7284, 88.422, 1548.18 
839, 36.7831, 89.1106, 1559.32 
851, 37.072, 91.8103, 1601.6 
857, 36.6071, 90.1534, 1580.56 
860, 36.958, 92.2113, 1610.56 
870, 37.1681, 94.3471, 1644.18 
873, 37.5487, 96.6213, 1677.05 
876, 37.868, 98.6093, 1705.83 
881, 38.1923, 100.878, 1739.22 
877, 38.6104, 102.631, 1761.84 
878, 39.074, 105.23, 1797.96 
885, 39.4127, 107.916, 1837.58 
888, 39.6229, 109.44, 1859.61 
892, 40.0052, 112.064, 1897.01 
889, 40.5482, 114.74, 1931.98 
888, 40.9595, 116.948, 1961.32 
889, 41.3943, 119.578, 1997.09 
899, 41.7974, 123.29, 2051.21 
898, 42.227, 125.697, 2082.83 
897, 42.7576, 128.733, 2122.63 
898, 43.1549, 131.282, 2156.78 
906, 43.2909, 133.288, 2187.01 
899, 43.5887, 134.084, 2194.13 
892, 43.9054, 134.98, 2202.48 
879, 44.2571, 135.152, 2198.35 
876, 44.7117, 137.473, 2227.08 
876, 45.1477, 140.167, 2262.04 
870, 45.6773, 142.492, 2288.99 
864, 46.2008, 144.771, 2315.16 
857, 46.6641, 146.493, 2333.48 
850, 47.0006, 147.399, 2341.27 
840, 47.4311, 148.346, 2347.83 
836, 47.9568, 150.93, 2378.36 
831, 48.2319, 151.754, 2385.94 
823, 48.6435, 152.869, 2395.42 
815, 49.0415, 153.87, 2403.36 
806, 49.5974, 155.64, 2420.21 
800, 50.1406, 157.885, 2444.56 
795, 50.5856, 159.695, 2463.98 
793, 51.0205, 162.044, 2491.78 
796, 51.3612, 164.836, 2528.07 
792, 51.6707, 165.991, 2539.74 
785, 52.3942, 169.163, 2574.1 
786, 52.6415, 170.981, 2596.93 
777, 53.1738, 172.459, 2608.99 
772, 53.5577, 173.833, 2622.31 
763, 53.9356, 174.239, 2621.15 
763, 54.4507, 177.583, 2661.44 
763, 54.8423, 180.146, 2692.23 
758, 55.3311, 182.17, 2712.95 
749, 55.7637, 182.833, 2714.45 
742, 56.1957, 183.941, 2722.6 
734, 56.8373, 186.137, 2742.77 
732, 57.2032, 188.027, 2763.61 
720, 57.8454, 189.121, 2767.45 
716, 58.266, 190.815, 2784.27 
709, 58.7256, 191.942, 2792.03 
708, 58.9939, 193.427, 2808.57 
701, 59.4278, 194.342, 2813.7 
691, 59.8448, 194.268, 2804.87 
686, 60.3661, 196.237, 2823.6 
684, 60.8639, 198.905, 2852.72 
682, 61.132, 200.074, 2864.52 
676, 61.3889, 199.985, 2858.5 
670, 61.7971, 200.854, 2863.42 
665, 62.3065, 202.655, 2879.75 
658, 62.9022, 204.375, 2893.28 
651, 63.3102, 204.832, 2892.36 
645, 63.837, 206.336, 2904.07 
633, 64.405, 206.116, 2890.85 
627, 64.8884, 207.239, 2898.02 
614, 65.3431, 205.796, 2869.93 
604, 65.7962, 205.262, 2854.67 
602, 66.1341, 206.689, 2868.7 
596, 66.5795, 207.394, 2870.87 
590, 67.0342, 208.121, 2873.19 
582, 67.5528, 208.487, 2869.5 
572, 68.2094, 208.907, 2864.32 
562, 68.5779, 207.479, 2838.69 
559, 68.7673, 207.513, 2836.07 
553, 69.1437, 207.539, 2830.31 
545, 69.5147, 206.738, 2813.43 
538, 69.8488, 206.049, 2798.75 
527, 70.363, 204.818, 2773.99 
525, 70.6806, 205.887, 2783.51 
515, 71.0427, 204.04, 2752.98 
513, 71.3027, 204.738, 2758.41 
509, 71.6406, 205.072, 2757.75 
508, 71.849, 205.861, 2765.19 
498, 72.4234, 205.048, 2745.62 
493, 72.8282, 205.266, 2742.49 
483, 73.0726, 202.454, 2701.34 
482, 73.2619, 203.083, 2706.97 
479, 73.4722, 202.979, 2702.52 
480, 73.7858, 205.143, 2726.74 
477, 74.1007, 205.605, 2728.28 
470, 74.5473, 205.036, 2714.3 
464, 74.792, 203.75, 2693.78 
460, 74.9746, 202.981, 2681.03 
455, 75.1574, 201.755, 2662.27 
452, 75.5571, 202.562, 2667.33 
448, 75.8004, 202.065, 2657.4 
439, 76.2787, 200.512, 2630.44 
435, 76.7288, 201.037, 2631.2 
431, 76.9059, 200.109, 2616.67 
429, 77.2938, 201.195, 2625.65 
424, 77.6989, 200.939, 2616.9 
415, 77.9922, 198.162, 2576.9 
407, 78.3032, 195.895, 2543.41 
405, 78.5676, 196.251, 2544.64 
395, 78.7993, 192.536, 2493.57 
386, 79.2642, 190.376, 2459.87 
379, 79.4369, 187.738, 2423.71 
374, 79.6639, 186.322, 2402.72 
366, 80.0376, 184.051, 2369.05 
360, 80.2379, 181.941, 2339.58 
355, 80.5096, 180.632, 2319.64 
352, 80.9432, 181.04, 2319.95 
347, 81.3003, 180.046, 2303.21 
345, 81.6207, 180.422, 2304.44 
340, 81.6735, 178.037, 2273.4 
334, 82.0701, 176.598, 2250.71 
329, 82.1656, 174.359, 2221.16 
327, 82.3237, 173.967, 2214.48 
324, 82.4022, 172.7, 2197.52 
321, 82.485, 171.445, 2180.69 
317, 82.7558, 170.422, 2164.87 
312, 82.9917, 168.692, 2140.48 
311, 83.2105, 169.039, 2142.66 
308, 83.4039, 168.187, 2129.91 
305, 83.7651, 167.995, 2123.84 
302, 83.9001, 166.879, 2108.4 
298, 84.1154, 165.515, 2089.05 
294, 84.2334, 163.752, 2065.65 
289, 84.5892, 162.33, 2044.3 
286, 84.8153, 161.504, 2031.76 
277, 85.1559, 157.681, 1980.53 
273, 85.451, 156.483, 1962.79 
270, 85.4754, 154.852, 1942.11 
265, 85.7833, 153.081, 1917.18 
260, 85.7722, 150.154, 1880.62 
257, 85.7014, 148.176, 1856.46 
254, 85.8621, 146.996, 1840.31 
254, 85.5244, 145.842, 1828.71 
254, 85.0627, 144.272, 1812.89 
252, 85.1924, 143.573, 1803.02 
251, 85.297, 143.354, 1799.41 
250, 85.3148, 142.843, 1792.83 
248, 85.2139, 141.365, 1775.12 
245, 84.598, 137.643, 1733.34 
248, 84.0554, 137.548, 1736.54 
249, 83.6498, 136.772, 1730.06 
246, 83.3321, 134.1, 1698.81 
247, 82.9067, 133.274, 1691.76 
245, 82.9884, 132.456, 1680.72 
248, 82.5683, 132.724, 1687.5 
247, 82.0579, 130.559, 1664.05 
249, 81.7179, 130.528, 1666.38 
247, 81.4127, 128.514, 1643.1 
249, 80.1155, 125.459, 1614.25 
245, 80.0832, 123.344, 1587.29 
239, 79.9603, 119.954, 1544.6 
234, 79.7285, 116.765, 1505.26 
232, 79.4916, 115.08, 1485.28 
232, 78.6946, 112.784, 1461.46 
238, 77.4206, 111.985, 1460.49 
239, 77.1586, 111.696, 1458.67 
243, 76.6769, 112.151, 1468.25 
248, 76.0633, 112.635, 1479.26 
244, 75.8863, 110.303, 1449.97 
239, 75.9664, 108.271, 1422.66 
243, 75.0104, 107.329, 1417.37 
251, 73.6967, 107.014, 1423.1 
250, 73.1362, 104.972, 1400.16 
266, 70.8351, 104.773, 1415.26 
271, 70.3344, 105.239, 1425.54 
275, 69.0086, 102.804, 1403.07 
281, 68.4328, 103.301, 1414.53 
284, 68.2232, 103.765, 1422.61 
287, 67.538, 102.766, 1414.53 
289, 67.4718, 103.279, 1422.15 
294, 66.7618, 102.866, 1422.4 
295, 66.1036, 101.191, 1404.72 
292, 66.5794, 101.609, 1406.53 
291, 66.3748, 100.64, 1394.81 
291, 66.1097, 99.8373, 1385.88 
295, 65.3571, 98.9185, 1379.35 
302, 64.3208, 98.0799, 1376.31 
305, 63.941, 97.8876, 1376.83 
309, 62.9706, 96.1841, 1361.07 
309, 62.4241, 94.5221, 1342.16 
313, 62.0008, 94.4516, 1344.77 
315, 61.2608, 92.7995, 1327.53 
318, 60.8982, 92.5774, 1327.46 
319, 60.3425, 91.1815, 1312.19 
321, 59.597, 89.5, 1294.33 
324, 59.3362, 89.5476, 1297.27 
326, 58.9337, 88.8823, 1291.09 
330, 57.9862, 87.1029, 1273.37 
336, 57.1911, 86.2712, 1268.11 
339, 56.8372, 85.9677, 1266.75 
343, 56.4606, 85.833, 1268.09 
342, 56.2637, 84.987, 1257.33 
343, 55.6173, 83.2881, 1237.83 
348, 55.2387, 83.3557, 1242.18 
355, 54.9652, 84.1926, 1257.12 
360, 54.8649, 85.067, 1271.09 
362, 54.7594, 85.211, 1274.21 
368, 54.081, 84.4904, 1269.67 
373, 53.5364, 83.9221, 1266.18 
382, 52.5333, 82.7566, 1257.96 
387, 51.7449, 81.3421, 1243.87 
393, 51.4528, 81.6732, 1251.73 
396, 51.2992, 81.8061, 1255.25 
403, 51.1516, 82.7737, 1271.54 
405, 50.8961, 82.3556, 1267.62 
407, 50.2484, 80.6694, 1247.96 
407, 50.3134, 80.878, 1250.55 
408, 50.5855, 81.9564, 1264.53 
410, 50.7759, 82.9792, 1278.41 
414, 50.6251, 83.2916, 1284.74 
420, 50.5467, 84.2373, 1300.12 
419, 50.7195, 84.6122, 1304.14 
426, 50.1955, 84.2576, 1304.02 
435, 49.9947, 85.3507, 1323.03 
442, 49.9102, 86.4313, 1340.67 
442, 49.7577, 85.9039, 1334.1 
445, 48.9229, 83.6091, 1307.17 
447, 48.9727, 84.1561, 1315.2 
452, 48.8084, 84.5275, 1322.75 
461, 48.6693, 85.7196, 1342.92 
464, 48.443, 85.4772, 1341.59 
462, 48.4494, 85.1313, 1336.09 
465, 48.2618, 85.0216, 1336.42 
463, 48.0061, 83.7612, 1319.37 
468, 47.7948, 83.9222, 1324.21 
463, 48.1915, 84.4095, 1327.56 
466, 48.0538, 84.4718, 1330.04 
464, 47.8523, 83.4051, 1315.43 
465, 48.1881, 84.7623, 1333.15 
470, 48.0976, 85.3522, 1343.42 
468, 48.0819, 84.9336, 1337.01 
477, 47.8457, 85.7183, 1351.99 
479, 47.6884, 85.5129, 1350.5 
482, 47.6853, 86.037, 1358.81 
483, 47.7002, 86.2695, 1362.32 
485, 47.2594, 85.0332, 1347.73 
489, 47.2796, 85.8076, 1359.77 
490, 47.4651, 86.659, 1371.14 
497, 47.5961, 88.3829, 1396.9 
504, 47.0378, 87.5375, 1390 
512, 46.6118, 87.3234, 1391.59 
523, 46.3775, 88.3053, 1410.04 
529, 46.3796, 89.3261, 1426.32 
535, 46.1263, 89.3554, 1429.87 
539, 45.8316, 88.8767, 1425.82 
541, 46.1713, 90.5341, 1448.18 
555, 46.0839, 92.5255, 1481.14 
561, 46.1506, 93.7967, 1500.63 
557, 46.3944, 94.1142, 1502.58 
553, 46.6558, 94.4944, 1505.31 
556, 46.4886, 94.3274, 1504.78 
569, 46.4509, 96.3764, 1537.96 
571, 46.6854, 97.6938, 1555.88 
570, 47.0429, 99.0222, 1572.29 
572, 47.1178, 99.6862, 1581.84 
582, 46.9097, 100.535, 1598.11 
582, 46.9816, 100.843, 1602.04 
584, 47.1598, 101.959, 1617.34 
597, 46.9128, 103.14, 1639.47 
605, 46.9066, 104.494, 1661.09 
615, 46.6038, 104.855, 1671.08 
619, 46.6906, 105.93, 1686.98 
620, 46.7247, 106.256, 1691.69 
628, 46.7194, 107.603, 1713.2 
624, 46.879, 107.649, 1711.63 
622, 47.3216, 109.34, 1732.08 
628, 47.263, 110.121, 1745.31 
638, 47.2592, 111.857, 1772.87 
637, 47.1002, 110.931, 1760.55 
643, 47.3349, 113.095, 1791.36 
644, 47.1772, 112.518, 1784.57 
639, 47.3329, 112.382, 1780.1 
641, 47.2386, 112.285, 1779.96 
644, 47.2972, 113.091, 1791.86 
652, 47.1864, 113.96, 1807.3 
647, 47.3687, 113.961, 1804.57 
641, 47.5078, 113.568, 1796.27 
636, 47.6872, 113.535, 1793.07 
632, 47.948, 114.059, 1797.46 
634, 47.9156, 114.265, 1801.2 
639, 47.649, 113.888, 1799.22 
640, 47.8592, 115.075, 1814.81 
640, 47.9649, 115.584, 1821.25 
644, 47.9699, 116.33, 1832.93 
639, 47.867, 114.933, 1812.45 
652, 47.7405, 116.652, 1841.48 
648, 47.9328, 116.872, 1842.03 
650, 47.9587, 117.359, 1849.32 
657, 47.9723, 118.691, 1870.09 
657, 47.9095, 118.38, 1866.16 
668, 47.7271, 119.447, 1885.82 
669, 48.1151, 121.579, 1913.35 
671, 48.3728, 123.252, 1935.59 
676, 48.3019, 123.807, 1945.43 
679, 48.6052, 125.923, 1973.79 
681, 48.6144, 126.342, 1980.21 
680, 48.5737, 125.945, 1974.64 
682, 48.847, 127.741, 1998.37 
687, 48.9889, 129.426, 2022.41 
701, 48.8231, 131.171, 2052.43 
711, 48.4087, 130.794, 2053.42 
715, 48.465, 131.835, 2068.83 
713, 48.4951, 131.63, 2065.1 
712, 48.5828, 131.921, 2068.19 
717, 48.6477, 133.203, 2087.18 
717, 48.7346, 133.679, 2093.17 
720, 48.9164, 135.242, 2114.53 
726, 49.0764, 137.262, 2143.35 
732, 49.1847, 139.008, 2168.72 
732, 49.5359, 141, 2193.63 
728, 49.6793, 141.043, 2191.79 
736, 49.6414, 142.376, 2213.17 
732, 49.8498, 142.793, 2215.99 
732, 50.1376, 144.447, 2236.55 
735, 50.3347, 146.181, 2259.91 
732, 50.5177, 146.645, 2263.83 
741, 50.6219, 149.061, 2299.26 
735, 50.7985, 148.888, 2293.42 
730, 51.0999, 149.635, 2299.55 
734, 51.1129, 150.532, 2313.1 
731, 51.4008, 151.61, 2324.5 
734, 51.6195, 153.53, 2350 
733, 51.9356, 155.204, 2369.91 
732, 52.2815, 157.064, 2392.02 
733, 52.4749, 158.444, 2409.53 
732, 52.7917, 160.144, 2429.6 
722, 53.2018, 160.42, 2426.36 
715, 53.6752, 161.705, 2437.24 
715, 54.1174, 164.38, 2469.55 
715, 54.261, 165.254, 2480.08 
713, 54.5785, 166.725, 2496.4 
711, 54.5915, 166.337, 2490.35 
708, 54.9134, 167.594, 2503.36 
702, 55.3784, 169, 2515.96 
698, 55.9327, 171.418, 2541.94 
693, 56.2042, 171.846, 2543.42 
687, 56.3009, 170.945, 2528.37 
683, 56.8078, 173.024, 2550.07 
678, 57.1417, 173.782, 2555.32 
671, 57.4362, 173.765, 2549.89 
670, 57.8483, 176.005, 2575.48 
659, 58.2157, 175.322, 2559.06 
653, 58.7287, 176.8, 2571.72 
656, 58.9679, 179.063, 2600.45 
652, 59.3068, 180.023, 2608.48 
647, 59.7857, 181.539, 2622.1 
645, 60.2021, 183.507, 2643.28 
639, 60.5608, 183.973, 2643.78 
633, 61.0184, 185.01, 2650.78 
622, 61.5499, 184.976, 2641.24 
624, 61.8582, 187.434, 2671.06 
620, 62.3178, 189.011, 2685.66 
609, 62.5816, 187.232, 2655.96 
605, 63.0303, 188.679, 2668.94 
595, 63.3662, 187.543, 2647.31 
587, 63.785, 187.475, 2639.47 
582, 64.2355, 188.514, 2646.72 
578, 64.568, 189.161, 2650.41 
572, 64.8638, 188.917, 2642.2 
567, 65.1658, 189.013, 2638.71 
560, 65.6707, 189.583, 2638.61 
551, 65.9861, 188.333, 2616.25 
546, 66.1652, 187.638, 2603.81 
539, 66.5776, 187.549, 2596.19 
529, 67.2685, 187.909, 2590.59 
525, 67.5742, 188.187, 2589.79 
521, 67.9369, 188.764, 2592.23 
520, 68.322, 190.544, 2610.84 
514, 68.8879, 191.478, 2615.11 
506, 69.4608, 191.646, 2608.85 
497, 69.9557, 190.929, 2591.81 
493, 70.3002, 191.262, 2591.3 
490, 70.5093, 191.231, 2587.84 
484, 70.9162, 191.076, 2579.87 
478, 71.2183, 190.318, 2565.33 
467, 71.621, 188.048, 2529.08 
461, 72.1733, 188.505, 2527.56 
460, 72.4133, 189.35, 2535.55 
452, 72.758, 187.832, 2510.52 
447, 73.1196, 187.605, 2502.58 
441, 73.6506, 187.785, 2497.83 
433, 73.9995, 186.129, 2471.19 
429, 74.1705, 185.263, 2457.45 
430, 74.3866, 186.779, 2474.71 
424, 74.7085, 185.77, 2457.14 
420, 75.0748, 185.826, 2453.15 
419, 75.3507, 186.749, 2461.76 
417, 75.5423, 186.804, 2460.02 
415, 75.6703, 186.539, 2454.88 
411, 76.0425, 186.563, 2450.44 
406, 76.5212, 186.62, 2445.13 
404, 76.7651, 186.887, 2445.54 
403, 77.0599, 187.859, 2454.54 
395, 77.3389, 185.465, 2419.81 
388, 77.6961, 183.866, 2394.58 
384, 77.7583, 182.261, 2372.93 
381, 77.8772, 181.391, 2360.18 
380, 77.8888, 180.969, 2354.55 
377, 78.2956, 181.42, 2355.57 
374, 78.3474, 180.215, 2339.31 
372, 78.6459, 180.62, 2341.04 
369, 78.9441, 180.524, 2336.31 
365, 79.2947, 180.157, 2327.48 
361, 79.5728, 179.435, 2314.95 
356, 79.8718, 178.282, 2296.67 
351, 80.1086, 176.822, 2275.19 
348, 80.3552, 176.391, 2266.9 
344, 80.5711, 175.302, 2250.52 
339, 81.008, 174.633, 2237.14 
339, 81.0336, 174.743, 2238.27 
336, 81.2201, 173.995, 2226.67 
334, 81.1723, 172.755, 2211.32 
335, 81.1629, 173.233, 2217.53 
329, 81.1676, 170.15, 2178.02 
327, 81.1021, 168.843, 2161.98 
325, 81.2376, 168.371, 2154.52 
322, 81.3175, 167.145, 2138 
319, 81.449, 166.124, 2123.58 
315, 81.5191, 164.323, 2099.85 
314, 81.8801, 165.256, 2108.08 
314, 81.5909, 164.09, 2096.14 
310, 81.6652, 162.295, 2072.47 
306, 81.6071, 159.973, 2043.39 
305, 81.3304, 158.371, 2025.64 
301, 81.4632, 156.805, 2004.32 
294, 81.6388, 153.819, 1964.48 
286, 81.9835, 150.9, 1923.99 
284, 81.8577, 149.385, 1905.83 
283, 81.716, 148.344, 1893.85 
285, 81.2531, 147.705, 1889.92 
284, 81.0944, 146.612, 1877.39 
285, 80.7606, 145.919, 1871.57 
281, 80.8015, 144.017, 1846.8 
281, 80.6175, 143.362, 1840.06 
279, 79.9743, 140.08, 1803.62 
283, 79.6214, 140.837, 1816.54 
281, 79.6927, 140.092, 1806.3 
274, 79.8828, 137.255, 1768.05 
278, 79.4855, 137.877, 1779.56 
273, 79.7955, 136.455, 1758.51 
266, 78.9197, 130.053, 1683.33 
269, 78.4463, 129.947, 1685.96 
272, 77.5769, 128.5, 1674.54 
275, 76.7662, 127.216, 1664.7 
270, 76.7754, 124.933, 1634.75 
269, 76.6801, 124.161, 1625.45 
270, 76.2668, 123.283, 1617.41 
269, 76.2838, 122.882, 1611.99 
270, 76.1464, 122.894, 1613.31 
274, 75.2202, 121.7, 1605.36 
275, 74.7636, 120.665, 1595.55 
272, 73.907, 116.63, 1549.23 
274, 73.4039, 115.893, 1543.6 
279, 72.9379, 116.514, 1555.79 
282, 72.2791, 115.65, 1549.78 
281, 71.8671, 113.929, 1530.18 
288, 70.9608, 113.841, 1536.68 
288, 70.194, 111.394, 1510.12 
290, 69.8694, 111.133, 1509.33 
291, 69.2387, 109.512, 1492.65 
287, 69.1885, 107.85, 1470.43 
287, 68.6151, 106.07, 1450.92 
290, 67.8917, 104.93, 1441.35 
289, 68.0759, 105.137, 1442.64 
292, 67.4458, 104.271, 1436.02 
292, 67.1858, 103.468, 1427.15 
297, 66.8146, 104.081, 1438.74 
299, 66.299, 103.17, 1430.53 
304, 65.7198, 103.071, 1434.11 
304, 64.8251, 100.284, 1402.9 
308, 63.9072, 98.7462, 1389.2 
308, 63.8641, 98.6131, 1387.7 
312, 63.1943, 97.8093, 1382.13 
315, 62.7725, 97.436, 1380.5 
320, 61.8023, 95.9463, 1367.79 
328, 60.8278, 95.2682, 1366.67 
330, 60.4387, 94.6266, 1360.91 
333, 59.4897, 92.5119, 1338.84 
339, 58.9196, 92.3822, 1342.06 
350, 57.9653, 92.3152, 1349.77 
353, 56.9866, 89.9892, 1324.64 
352, 56.3887, 87.861, 1298.71 
361, 55.4681, 87.1893, 1297.19 
359, 55.3126, 86.221, 1284.2 
362, 54.6473, 84.8625, 1270.03 
370, 53.4186, 82.8814, 1251.57 
381, 52.1589, 81.3674, 1240.35 
393, 51.0904, 80.5269, 1237.61 
398, 50.2925, 79.024, 1222.09 
400, 49.4228, 76.6979, 1194.32 
415, 48.6149, 76.994, 1206.76 
421, 47.8402, 75.6375, 1193.04 
434, 47.4011, 76.5486, 1211.82 
441, 46.8065, 75.844, 1206.67 
450, 46.6243, 76.7902, 1223.6 
456, 46.6357, 77.8522, 1240.41 
475, 45.7779, 78.1402, 1254.16 
483, 45.0617, 76.9897, 1243.41 
488, 44.7316, 76.6512, 1241.55 
494, 44.5521, 76.972, 1248.72 
494, 44.7034, 77.4958, 1255.54 
505, 44.348, 77.9666, 1267.16 
507, 44.1188, 77.4685, 1261.64 
514, 44.0626, 78.3382, 1276.45 
521, 43.8309, 78.5722, 1282.93 
537, 43.5614, 79.9923, 1309.3 
549, 43.2873, 80.7536, 1325.06 
554, 42.8426, 79.8235, 1315.15 
564, 42.6438, 80.512, 1328.94 
576, 42.4922, 81.6415, 1349.48 
588, 42.4032, 82.9936, 1372.96 
596, 42.5017, 84.514, 1396.83 
600, 42.0815, 83.4073, 1383.96 
606, 42.2346, 84.8554, 1405.97 
613, 41.9115, 84.5271, 1404.79 
620, 41.9085, 85.4802, 1420.67 
622, 41.6546, 84.7199, 1411.42 
638, 41.5693, 86.5439, 1442.97 
642, 41.7528, 87.8568, 1462.32 
644, 41.8463, 88.5257, 1472.15 
650, 42.041, 90.1837, 1496.97 
649, 42.3949, 91.5675, 1514.92 
651, 42.3899, 91.8282, 1519.3 
657, 42.3553, 92.523, 1531.29 
657, 42.5317, 93.2954, 1541.54 
660, 42.7464, 94.67, 1561.15 
663, 43.0655, 96.5254, 1587.07 
663, 43.3266, 97.6997, 1602.55 
664, 43.3178, 97.8072, 1604.44 
675, 43.0501, 98.2022, 1614.87 
668, 43.5509, 99.4581, 1628.07 
662, 43.7201, 99.3319, 1623.52 
656, 44.2135, 100.666, 1638.04 
656, 44.3052, 101.084, 1643.5 
651, 44.7693, 102.426, 1658.48 
656, 45.0314, 104.425, 1686.95 
650, 45.3514, 104.946, 1690.63 
656, 45.5027, 106.622, 1715.38 
652, 45.9419, 108.028, 1731.41 
650, 46.2421, 109.108, 1744.24 
652, 46.5641, 110.974, 1769.2 
646, 47.1228, 112.607, 1786.79 
653, 47.3194, 114.779, 1818.27 
648, 47.7777, 116.117, 1832.48 
641, 47.8122, 115.028, 1814.78 
647, 47.9991, 117.015, 1843.27 
649, 48.3035, 118.87, 1867.83 
644, 48.6833, 119.816, 1876.88 
632, 49.3241, 120.699, 1880.98 
620, 49.6343, 119.901, 1863.92 
622, 49.9617, 121.88, 1889.77 
622, 50.1548, 122.824, 1901.51 
620, 50.5018, 124.13, 1916.49 
607, 50.753, 122.739, 1891.3 
602, 51.0212, 123.018, 1891.66 
602, 50.9831, 122.834, 1889.39 
599, 51.2991, 123.742, 1898.71 
601, 51.6539, 125.878, 1926.25 
601, 51.9586, 127.368, 1944.51 
598, 52.379, 128.791, 1960 
595, 52.6233, 129.343, 1964.78 
600, 52.7391, 131.005, 1988.3 
599, 53.3034, 133.6, 2019.18 
597, 53.7617, 135.453, 2040.28 
596, 53.8329, 135.585, 2041.2 
589, 54.3801, 136.731, 2050.23 
583, 54.5474, 136.171, 2039.37 
577, 55.036, 137.195, 2047.49 
576, 55.0945, 137.249, 2047.42 
577, 55.275, 138.389, 2061.77 
574, 55.7701, 140.147, 2080.62 
570, 55.9762, 140.201, 2078.39 
570, 56.1442, 141.044, 2088.41 
567, 56.497, 142.071, 2098.41 
557, 56.9204, 141.665, 2086.25 
560, 57.0712, 143.183, 2106.41 
559, 57.2431, 143.79, 2112.83 
552, 57.7349, 144.439, 2115.21 
551, 58.0228, 145.619, 2128.31 
549, 58.4167, 147.067, 2143.73 
545, 58.9102, 148.473, 2157.04 
542, 58.9909, 148.061, 2149.89 
537, 59.1269, 147.372, 2137.94 
534, 59.4927, 148.367, 2147.15 
535, 59.5737, 149.05, 2155.87 
536, 59.7619, 150.274, 2170.86 
532, 59.9941, 150.314, 2168.11 
529, 60.3128, 151.058, 2174.3 
529, 60.7838, 153.427, 2201.61 
532, 60.7798, 154.277, 2213.87 
530, 61.1682, 155.667, 2228.21 
529, 61.4509, 156.813, 2240.52 
519, 61.8352, 155.779, 2220.28 
516, 61.9693, 155.551, 2215.13 
505, 62.4297, 154.506, 2193.82 
496, 62.5304, 152.242, 2160.3 
492, 62.562, 151.166, 2144.62 
489, 62.5859, 150.36, 2132.85 
491, 62.6148, 151.114, 2143.16 
488, 62.6814, 150.511, 2133.7 
483, 62.856, 149.8, 2121.29 
483, 63.0335, 150.647, 2130.91 
476, 63.2192, 149.339, 2109.97 
472, 63.4546, 149.189, 2104.75 
469, 63.6758, 149.276, 2103.09 
473, 63.2422, 148.506, 2097.9 
469, 63.5833, 148.843, 2098.19 
472, 63.3353, 148.629, 2098.41 
476, 63.2507, 149.488, 2111.66 
480, 63.0312, 149.7, 2117.56 
480, 62.9401, 149.267, 2112.64 
480, 63.0707, 149.888, 2119.68 
488, 62.8114, 151.135, 2140.81 
485, 62.5966, 149.181, 2115.98 
484, 62.7697, 149.698, 2121 
482, 62.7576, 149.022, 2111.58 
481, 62.6474, 148.19, 2101.26 
482, 62.4137, 147.393, 2093.04 
479, 62.8167, 148.373, 2101.61 
473, 62.6316, 145.652, 2065.48 
474, 62.3398, 144.603, 2054.39 
482, 61.9341, 145.136, 2067.28 
485, 61.9286, 146.014, 2079.86 
478, 61.899, 143.769, 2048.27 
473, 61.994, 142.702, 2031.83 
474, 61.9773, 142.927, 2035.25 
476, 61.7384, 142.425, 2031.21 
469, 61.2386, 138.068, 1975.4 
476, 61.0151, 139.108, 1993.15 
478, 60.909, 139.207, 1995.94 
473, 61.1921, 139.034, 1989.82 
477, 61.0222, 139.432, 1997.71 
473, 61.2218, 139.169, 1991.37 
470, 61.0079, 137.322, 1967.65 
469, 60.9343, 136.699, 1959.67 
471, 60.7932, 136.647, 1960.72 
473, 60.5363, 136.07, 1955.7 
475, 60.0814, 134.6, 1940.34 
476, 60.2462, 135.624, 1952.99 
483, 60.1837, 137.333, 1978.41 
485, 59.8813, 136.519, 1970.61 
488, 59.7603, 136.809, 1976.37 
487, 59.656, 136.053, 1966.8 
481, 60.0223, 136.031, 1961.75 
482, 59.9015, 135.767, 1959.48 
484, 59.8299, 136.004, 1963.84 
480, 60.1074, 136.134, 1962.13 
475, 60.2175, 135.21, 1947.4 
473, 60.3507, 135.237, 1946.09 
471, 60.6331, 135.928, 1952.43 
472, 60.7813, 136.884, 1964.26 
475, 60.6342, 137.088, 1969.07 
479, 60.6789, 138.446, 1988 
477, 60.8107, 138.467, 1986.61 
465, 61.2755, 137.056, 1960.45 
463, 61.1135, 135.746, 1943.74 
467, 61.1652, 137.15, 1963.19 
467, 61.0715, 136.73, 1958.37 
463, 61.4499, 137.244, 1960.94 
459, 61.7528, 137.403, 1959.4 
460, 61.7275, 137.589, 1962.38 
461, 61.2979, 135.976, 1944.72 
457, 61.6986, 136.564, 1948.12 
455, 61.841, 136.595, 1946.78 
454, 61.934, 136.705, 1947.19 
449, 62.1553, 136.167, 1936.8 
448, 62.2537, 136.294, 1937.4 
447, 62.401, 136.634, 1940.42 
444, 62.7213, 137.114, 1943.3 
436, 62.8563, 135.224, 1914.88 
428, 63.4497, 135.261, 1908.31 
423, 63.6404, 134.486, 1895.13 
424, 63.7312, 135.189, 1903.96 
422, 63.6642, 134.268, 1891.78 
418, 63.9764, 134.303, 1888.62 
421, 63.9825, 135.293, 1902.47 
416, 64.0701, 134.052, 1884 
413, 63.9891, 132.749, 1866.62 
412, 63.8639, 131.91, 1856.26 
414, 63.9696, 132.99, 1870.23 
414, 64.0285, 133.234, 1872.99 
414, 63.9516, 132.914, 1869.38 
413, 63.8079, 131.998, 1858.15 
410, 64.1147, 132.303, 1858.91 
401, 64.4408, 130.718, 1832.96 
396, 64.5422, 129.495, 1814.68 
392, 64.454, 127.837, 1792.42 
388, 64.2391, 125.69, 1764.64 
391, 64.3627, 127.149, 1783.78 
389, 64.4432, 126.816, 1778.22 
388, 64.4212, 126.404, 1772.68 
389, 64.454, 126.858, 1778.7 
392, 64.4575, 127.85, 1792.57 
391, 64.5101, 127.733, 1790.34 
389, 64.5931, 127.406, 1784.86 
390, 64.6539, 127.975, 1792.15 
388, 64.4707, 126.598, 1774.86 
382, 64.9724, 126.588, 1769.29 
384, 64.8576, 126.801, 1773.52 
382, 65.1785, 127.392, 1778.31 
381, 65.1965, 127.129, 1774.44 
378, 64.9148, 125.04, 1748.27 
373, 65.0982, 124.084, 1732.98 
377, 64.774, 124.169, 1737.58 
376, 65.0148, 124.762, 1743.33 
374, 64.6527, 122.72, 1718.58 
381, 64.4156, 124.101, 1740.45 
382, 64.3429, 124.147, 1741.86 
380, 64.4016, 123.722, 1735.28 
380, 64.5774, 124.398, 1742.89 
377, 64.7767, 124.179, 1737.7 
378, 64.9983, 125.362, 1751.89 
378, 65.0771, 125.666, 1755.3 
380, 64.635, 124.62, 1745.38 
382, 64.6669, 125.4, 1755.96 
382, 64.8323, 126.042, 1763.17 
386, 64.4994, 126.057, 1766.98 
387, 64.4763, 126.294, 1770.54 
387, 64.7446, 127.347, 1782.38 
388, 64.6552, 127.323, 1783.02 
393, 64.5542, 128.562, 1801.47 
387, 65.1316, 128.874, 1799.5 
384, 65.2315, 128.267, 1789.95 
382, 65.3881, 128.212, 1787.49 
375, 65.8996, 127.84, 1776.82 
375, 65.5684, 126.558, 1762.51 
374, 65.8008, 127.117, 1767.82 
369, 66.0929, 126.534, 1756.63 
362, 66.6069, 126.072, 1744.87 
355, 67.0948, 125.451, 1731.29 
352, 67.1197, 124.484, 1717.68 
351, 67.09, 124.02, 1711.59 
349, 67.0094, 123.017, 1698.56 
351, 67.1641, 124.294, 1714.62 
348, 67.3237, 123.818, 1706.46 
342, 66.9985, 120.511, 1664.05 
337, 67.2951, 119.803, 1651.39 
338, 67.4795, 120.818, 1663.58 
337, 67.6274, 120.989, 1664.5 
337, 67.7489, 121.424, 1669.3 
333, 67.8891, 120.48, 1654.97 
334, 68.0468, 121.404, 1666.13 
332, 68.0906, 120.832, 1657.87 
337, 67.4693, 120.424, 1658.26 
335, 67.3534, 119.298, 1643.87 
335, 66.5972, 116.634, 1614.35 
330, 66.359, 114.073, 1581.14 
338, 65.807, 114.903, 1597.9 
339, 65.3803, 113.753, 1585.98 
340, 65.4187, 114.223, 1592.16 
343, 65.1556, 114.305, 1595.85 
351, 64.4528, 114.462, 1604.9 
353, 64.3627, 114.792, 1610.42 
357, 63.7756, 113.985, 1604.89 
358, 63.828, 114.492, 1611.51 
366, 63.1624, 114.622, 1620.03 
370, 63.0603, 115.5, 1633.49 
377, 62.7101, 116.382, 1649.58 
380, 62.1356, 115.169, 1638.33 
385, 61.7952, 115.409, 1645.31 
388, 61.7191, 116.022, 1654.86 
391, 61.6251, 116.563, 1663.58 
395, 61.4043, 116.914, 1670.95 
392, 61.472, 116.281, 1661.19 
398, 61.1219, 116.72, 1671.22 
401, 61.0182, 117.202, 1679.24 
399, 61.0272, 116.651, 1671.26 
398, 61.0376, 116.399, 1667.53 
404, 60.6248, 116.561, 1674.33 
402, 60.7352, 116.406, 1670.92 
404, 60.6963, 116.836, 1677.5 
407, 60.38, 116.48, 1675.85 
406, 60.2974, 115.876, 1668.06 
410, 59.9375, 115.625, 1668.38 
408, 60.0019, 115.308, 1663.11 
403, 59.8734, 113.408, 1637.09 
405, 59.6754, 113.218, 1636.49 
406, 59.5971, 113.2, 1637.08 
408, 58.7854, 110.68, 1609.33 
409, 58.7163, 110.69, 1610.23 
412, 58.5527, 110.882, 1614.79 
411, 58.78, 111.473, 1620.92 
408, 58.4353, 109.365, 1593.97 
405, 58.5193, 108.874, 1585.9 
404, 58.7013, 109.281, 1589.89 
402, 58.5431, 108.155, 1575.18 
400, 58.3911, 107.059, 1560.82 
406, 58.1265, 107.682, 1572.72 
403, 57.8804, 105.983, 1550.51 
406, 57.8567, 106.685, 1561.03 
408, 57.6461, 106.431, 1559.56 
408, 57.6095, 106.296, 1557.97 
402, 57.8018, 105.433, 1543.29 
403, 57.8589, 105.905, 1549.59 
396, 57.9382, 104.351, 1526.02 
397, 58.0885, 105.158, 1536.25 
395, 58.4885, 106.074, 1545.44 
393, 58.3572, 105.063, 1532.08 
392, 58.4716, 105.207, 1532.99 
396, 57.9016, 104.219, 1524.47 
399, 57.8158, 104.697, 1532.37 
403, 57.6309, 105.072, 1539.8 
406, 57.5232, 105.459, 1546.61 
405, 57.1386, 103.797, 1526.28 
413, 56.6657, 104.102, 1535.8 
421, 56.4202, 105.201, 1554.68 
429, 56.0982, 105.98, 1569.73 
428, 55.7929, 104.586, 1552.42 
431, 55.7043, 104.984, 1559.32 
438, 55.095, 104.368, 1556.92 
443, 54.6411, 103.827, 1553.92 
446, 54.4453, 103.783, 1555.46 
444, 54, 101.634, 1528.2 
447, 53.8533, 101.766, 1531.82 
448, 53.9618, 102.405, 1540.22 
458, 53.5473, 103.088, 1555.23 
459, 53.1836, 101.915, 1541.67 
470, 52.5753, 101.984, 1549.74 
470, 52.4666, 101.563, 1544.6 
471, 52.5256, 102.008, 1550.68 
481, 52.0695, 102.372, 1561.59 
488, 51.5472, 101.789, 1558.89 
499, 51.2449, 102.866, 1579.05 
505, 50.9218, 102.794, 1581.9 
517, 50.5515, 103.712, 1600.63 
527, 50.3616, 104.925, 1621.76 
533, 50.0435, 104.783, 1623.63 
543, 49.9551, 106.372, 1649.4 
552, 49.8123, 107.518, 1669.06 
561, 49.6171, 108.417, 1685.61 
566, 49.5414, 109.049, 1696.47 
568, 49.8219, 110.677, 1717.96 
570, 49.5165, 109.709, 1707.08 
580, 49.2671, 110.513, 1723.01 
588, 48.9961, 110.808, 1731.38 
594, 48.8254, 111.16, 1739.28 
597, 48.5618, 110.518, 1732.94 
598, 48.6928, 111.301, 1743.37 
602, 48.5301, 111.298, 1745.62 
607, 48.5158, 112.156, 1759.29 
614, 48.4906, 113.332, 1778.09 
609, 48.4865, 112.39, 1763.37 
606, 48.8661, 113.595, 1776.79 
606, 48.9036, 113.769, 1778.98 
606, 49.16, 114.965, 1793.97 
608, 49.4234, 116.584, 1815.4 
608, 49.6838, 117.815, 1830.77 
609, 49.9915, 119.476, 1852.05 
608, 49.9783, 119.216, 1848.22 
607, 50.3753, 120.919, 1868.77 
604, 50.6892, 121.825, 1878.16 
605, 50.8679, 122.889, 1891.92 
611, 50.877, 124.152, 1911.23 
607, 51.1618, 124.724, 1915.81 
609, 51.4669, 126.632, 1940.55 
612, 51.6704, 128.264, 1962.51 
606, 51.9924, 128.594, 1962.74 
602, 52.4024, 129.768, 1974.52 
599, 52.5649, 129.923, 1974.47 
592, 52.8637, 129.869, 1969.22 
586, 53.1547, 129.972, 1966.52 
585, 53.3358, 130.636, 1973.91 
577, 53.6294, 130.272, 1964.15 
574, 53.6566, 129.726, 1955.53 
568, 54.0679, 130.346, 1958.95 
572, 54.2551, 132.174, 1983.71 
564, 54.8113, 133.011, 1988.25 
