1913 1910.32
1914 1909.69
1915 1799.41
1916 2380.97
1917 1736.41
1918 1881.05
1919 1477.62
1920 1803.25
1921 2991.43
1922 1596.9
1923 2436.37
1924 1970.19
1925 2255.45
1926 2127.53
1927 1956.59
1928 2368.03
1929 1788.42
1930 2106.17
1931 1790.59
1932 2276.75
1933 2179.69
1934 2408.12
1935 2360.78
1936 1863.65
1937 2179.15
1938 2170.89
1939 1935.67
1940 1436.02
1941 2000.35
1942 1648.11
1943 2296.79
1944 2339.2
1945 1825.27
1946 2021.46
1947 2053.36
1948 2222.49
1949 2561.76
1950 1988.09
1951 2124.21
1952 2114.6
1953 1775.14
1954 1569.16
1955 2122.42
1956 1960.89
1957 2323.7
1958 1929.28
1959 2097.05
1960 1812.48
1961 1961.41
1962 1910.32
1963 1375.64
1964 2027.34
1965 1610.32
1966 1705.05
1967 2289.42
1968 1894.81
1969 2489.96
1970 1904.43
1971 2328.11
1972 1943.62
1973 1988.35
1974 2188.78
1975 2740.23
1976 2717.72
1977 1849.87
1978 1754.03
1979 1839.97
1980 1619.61
1981 2087.29
1982 1977.29
1983 3185.39
1984 2270.11
1985 1801.48
1986 2045.84
1987 1753.54
1988 1918.77
1989 2756.45
1990 2644.6
1991 2177.75
1992 2052.37
1993 2274.9
1994 2666.41
1995 2629.91
1996 2301.35
1997 2034.74
1998 2163.23
1999 2610.69
2000 2066.56
2001 2257.66
2002 2324.38
2003 2381.99
2004 2254.62
2005 2511.36
2006 2818.95
2007 2435.8
2008 2586.27
2009 2088.62
2010 2194.61
2011 1863.65
2012 2299.12
2013 2525.62
2014 2719.49
