1914 1220.86
1915 905.496
1916 1415.41
1917 1048.37
1918 950.896
1919 886.775
1920 897.97
1921 1564.47
1922 682.08
1923 1605.43
1924 1096.24
1925 1490.61
1926 1442.18
1927 1376.65
1928 1098.18
1929 1011.3
1930 1196.64
1931 1106.42
1932 1441.67
1933 1430.03
1934 1600.38
1935 1290.83
1936 1095.4
1937 1314.8
1938 1072.47
1939 1112.64
1940 811.642
1941 1016.56
1942 937.412
1943 1171.39
1944 1438.18
1945 1113.92
1946 1054.76
1947 1222.69
1948 1220.88
1949 1362.65
1950 1216.42
1951 1188.71
1952 1076.1
1953 1149.85
1954 880.895
1955 1462.4
1956 1090.44
1957 1433.45
1958 1213.82
1959 1069.45
1960 1074.33
1961 980.434
1962 983.451
1963 896.694
1964 1157.76
1965 784.239
1966 1029.35
1967 1170.75
1968 1103.3
1969 1320.07
1970 985.313
1971 1362.1
1972 1291.59
1973 1232.92
1974 1190.74
1975 1588.01
1976 1705.92
1977 1200.46
1978 952.31
1979 905.996
1980 940.455
1981 1142.27
1982 1257.79
1983 1909.75
1984 1318.65
1985 1012.26
1986 1007.93
1987 1081.81
1988 1091.9
1989 1825.72
1990 1479.14
1991 1428.42
1992 1127.45
1993 1119.35
1994 1369.17
1995 1437.67
1996 1296.5
1997 1321.64
1998 1191.74
1999 1482.26
2000 1252.3
2001 1282.72
2002 1247.91
2003 1520.08
2004 1260
2005 1530.96
2006 1828.21
2007 1393.66
2008 1601.47
2009 1350.69
2010 1094.28
2011 1087.33
2012 1159.83
2013 1742.91
