9990 904.916
9980 926.913
9970 821.407
9960 614.288
9950 622.972
9940 778.924
9930 865.27
9920 927.758
9910 788.264
9900 981.786
9890 1064.91
9880 780.512
9870 809.693
9860 816.308
9850 867.551
9840 785.204
9830 671.352
9820 820.965
9810 888.23
9800 762.261
9790 741.604
9780 1022.17
9770 805.811
9760 843.126
9750 814.272
9740 957.58
9730 863.844
9720 991.649
9710 855.752
9700 724.333
9690 880.136
9680 783.404
9670 784.185
9660 762.304
9650 851.099
9640 921.936
9630 755.847
9620 660.299
9610 723.415
9600 891.872
9590 948.464
9580 895.891
9570 723.525
9560 1021.21
9550 827.123
9540 823.333
9530 830.94
9520 941.438
9510 949.462
9500 832.28
9490 605.393
9480 903.508
9470 791.154
9460 1020.09
9450 927.987
9440 876.665
9430 790.834
9420 896.488
9410 861.044
9400 806.857
9390 864.1
9380 1089.78
9370 701.67
9360 811.029
9350 791.889
9340 883.158
9330 903.573
9320 883.635
9310 1048.4
9300 752.232
9290 865.889
9280 660.112
9270 757.025
9260 845.76
9250 928.424
9240 1028.31
9230 869.349
9220 966.153
9210 712.732
9200 703.944
9190 942.831
9180 918.371
9170 1103.01
9160 924.86
9150 1058.37
9140 1214.44
9130 1156.49
9120 935.691
9110 1001.4
9100 891.097
9090 840.567
9080 977.709
9070 750.664
9060 795.411
9050 901.15
9040 786.058
9030 924.64
9020 685.478
9010 887.65
9000 797.469
8990 787.272
8980 643.668
8970 896.518
8960 1086.73
8950 1186.26
8940 873.727
8930 785.972
8920 774.967
8910 754.22
8900 801.078
8890 684.098
8880 747.885
8870 820.77
8860 859.041
8850 656.705
8840 583.233
8830 740.419
8820 776.424
8810 987.962
8800 680.486
8790 796.822
8780 683.904
8770 824.17
8760 818.907
8750 749.95
8740 750.844
8730 811.432
8720 711.2
8710 1070.02
8700 729.866
8690 456.62
8680 834.549
8670 696.015
8660 899.998
8650 819.083
8640 558.431
8630 837.965
8620 680.21
8610 771.42
8600 978.881
8590 849.039
8580 737.403
8570 794.754
8560 801.517
8550 587.031
8540 667.067
8530 742.211
8520 667.769
8510 689.277
8500 879.976
8490 561.49
8480 649.141
8470 700.447
8460 929.831
8450 863.648
8440 717.137
8430 572.078
8420 838.501
8410 850.326
8400 985.066
8390 730.244
8380 794.482
8370 634.542
8360 732.871
8350 875.332
8340 1003.2
8330 616.262
8320 739.36
8310 743.316
8300 901.627
8290 811.645
8280 904.837
8270 773.488
8260 687.101
8250 732.293
8240 750.616
8230 587.344
8220 794.688
8210 773.303
8200 686.96
8190 667.878
8180 671.631
8170 903.874
8160 802.278
8150 583.29
8140 722.424
8130 725.498
8120 724.161
8110 821.481
8100 875.705
8090 908.221
8080 903.233
8070 779.597
8060 691.92
8050 675.29
8040 747.154
8030 729.829
8020 636.145
8010 590.962
8000 681.412
7990 980.47
7980 876.999
7970 734.938
7960 656.131
7950 787.897
7940 1130.37
7930 1180.47
7920 1132.51
7910 858.757
7900 1069.19
7890 1258.32
7880 1286.79
7870 863.206
7860 1075.94
7850 1039.91
7840 1477.54
7830 918.494
7820 1031.18
7810 1176.58
7800 976.551
7790 1036.49
7780 927.802
7770 775.673
7760 846.474
7750 1018.94
7740 1150
7730 1107.32
7720 991.976
7710 1091.16
7700 1102.04
7690 1228.98
7680 1254.38
7670 1066.51
7660 1317.79
7650 999.741
7640 1074.93
7630 1040.57
7620 985.863
7610 1117.9
7600 1172.82
7590 1035.48
7580 1411.49
7570 1095.87
7560 1356.93
7550 1150.31
7540 1030.36
7530 891.773
7520 1117.15
7510 1268.79
7500 1137.88
7490 1165.27
7480 1308.03
7470 1073.81
7460 861.768
7450 1116.33
7440 1146.73
7430 1077.64
7420 1154.45
7410 1289.54
7400 1154.46
7390 870.475
7380 948.621
7370 1020.73
7360 1231.29
7350 1188.03
7340 1115.63
7330 1079.73
7320 1007.47
7310 1077.91
7300 1346.06
7290 989.516
7280 1138.42
7270 997.519
7260 1041
7250 862.295
7240 799.434
7230 1086.42
7220 1280.72
7210 845.143
7200 943.766
7190 1183.34
7180 967.107
7170 1074.53
7160 1168.99
7150 925.768
7140 1215.48
7130 1152.08
7120 1066.07
7110 1301.46
7100 1248.74
7090 1270.83
7080 1045.69
7070 1177.88
7060 1372.74
7050 1226.9
7040 1114.25
7030 1158.95
7020 1475.15
7010 1195.41
7000 995.605
6990 1195.08
6980 991.824
6970 1233.35
6960 1091.99
6950 1221.01
6940 1202.16
6930 1014.24
6920 1014.75
6910 1013.67
6900 1484.5
6890 1351.96
6880 1206.15
6870 1160.38
6860 1056.89
6850 978.136
6840 978.781
6830 1363.44
6820 1124.42
6810 1082.49
6800 1134.33
6790 1168.93
6780 936.564
6770 1334.56
6760 1247.45
6750 1057.03
6740 1140.1
6730 1138.93
6720 1375.42
6710 1295.58
6700 1675.14
6690 1571.42
6680 1465.57
6670 1171.8
6660 1466.05
6650 1312.38
6640 1400.88
6630 1203.21
6620 1391.8
6610 1396.62
6600 1272.47
6590 1421.7
6580 1603.22
6570 1477.94
6560 1344.52
6550 1399.67
6540 1657.3
6530 1383.14
6520 1296.01
6510 1243.81
6500 1244.63
6490 1362
6480 1257.08
6470 1233.4
6460 1522.47
6450 1497.62
6440 1565.23
6430 1404.54
6420 1336.76
6410 1204.23
6400 1408.99
6390 1244.06
6380 1253.39
6370 1293.49
6360 1400.72
6350 1426.85
6340 1159.57
6330 1153.62
6320 1125.82
6310 1292.86
6300 1215.45
6290 1372.71
6280 1300.72
6270 1373.58
6260 1293.76
6250 1389.82
6240 1299.56
6230 1040.21
6220 1117.71
6210 1142.15
6200 1015.61
6190 1110.05
6180 1039.88
6170 1366.88
6160 1206.65
6150 1343.01
6140 919.079
6130 1292.36
6120 1139.98
6110 1279.54
6100 1331.72
6090 1262.31
6080 1366.41
6070 1300.44
6060 1171.41
6050 1239.48
6040 1234.05
6030 1509.51
6020 1347.24
6010 1437.16
6000 1484.38
5990 1763.95
5980 1359.27
5970 1346.36
5960 1442.17
5950 1747.05
5940 1732.76
5930 1708.76
5920 1392.94
5910 1534.26
5900 1619.58
5890 1464.77
5880 1446.98
5870 1482.71
5860 1647.69
5850 1639.65
5840 1429.71
5830 1726.3
5820 1517.06
5810 1701.19
5800 1429.09
5790 1470.36
5780 1334.71
5770 1475.3
5760 1423.58
5750 1285.64
5740 1492.92
5730 1581.78
5720 1504.23
5710 1408.59
5700 1575.42
5690 1376.16
5680 1343.64
5670 1075.28
5660 1475.36
5650 1535.38
5640 1396.47
5630 1446.1
5620 1230.54
5610 1338.63
5600 1258.63
5590 1212.61
5580 1625.67
5570 1575.35
5560 1356.7
5550 1317.85
5540 1181.06
5530 1437.1
5520 1503.48
5510 1377.51
5500 1369.9
5490 1258.81
5480 1346.47
5470 1391.96
5460 1310.45
5450 1148.58
5440 1142.81
5430 1169.15
5420 1379.7
5410 1215.34
5400 1495.13
5390 1458.76
5380 1354.88
5370 1235.01
5360 1202.88
5350 1261.8
5340 1485.12
5330 1318.58
5320 1060.9
5310 1083.26
5300 1130.49
5290 1527.93
5280 1466.24
5270 1378.47
5260 1288.62
5250 1121.4
5240 1486.7
5230 1344.71
5220 1355.29
5210 1318.25
5200 1202.48
5190 1010.95
5180 1065.73
5170 1159.85
5160 1233.42
5150 1045.93
5140 1291.15
5130 1318.44
5120 1376.08
5110 1259.76
5100 1141.16
5090 1299.3
5080 1328.53
5070 1366.37
5060 1234.02
5050 1334.21
5040 1274.55
5030 1706.93
5020 1202.94
5010 1282.15
5000 1309.13
4990 1270.44
4980 1468.91
4970 1471.31
4960 1589.85
4950 1373.68
4940 1221.78
4930 1157.19
4920 1412.98
4910 1577.07
4900 1276.58
4890 1339.54
4880 1153.93
4870 1199.61
4860 1282.7
4850 1518.88
4840 1610.99
4830 1496.04
4820 1321.66
4810 1400.06
4800 1588.8
4790 1360.05
4780 1267.24
4770 1139.6
4760 1424.89
4750 1377.09
4740 1384.32
4730 1488.28
4720 1497.05
4710 1607.93
4700 1487.52
4690 1498.29
4680 1566.27
4670 1630.7
4660 1633.39
4650 1577.47
4640 1609.48
4630 1606.47
4620 1531.41
4610 1594.56
4600 1492.33
4590 1402.48
4580 1234.18
4570 1378.97
4560 1388.82
4550 1608.91
4540 1347.87
4530 1532.82
4520 1525.97
4510 1357.09
4500 1286.8
4490 1111.47
4480 1263.59
4470 1291.6
4460 1141.3
4450 1365.08
4440 1449.97
4430 1491.08
4420 1745.54
4410 1526.18
4400 1411.88
4390 1233.54
4380 1345.58
4370 1231.57
4360 1505.62
4350 1315.24
4340 1394.03
4330 1442.34
4320 1175.45
4310 1265.01
4300 1269.5
4290 1287.03
4280 1437.65
4270 1136.45
4260 1073.36
4250 1297.7
4240 932.6
4230 1278.94
4220 1406.9
4210 1299.75
4200 1266.34
4190 1259.68
4180 1469.53
4170 1434.28
4160 1476.19
4150 1416.55
4140 1243.79
4130 1426.97
4120 1401.27
4110 1191.28
4100 1188.73
4090 1226.03
4080 1085.02
4070 1354.73
4060 1423.64
4050 1265.57
4040 1587.13
4030 1455.53
4020 1194.52
4010 1391.56
4000 1435.96
3990 1590.37
3980 1414.68
3970 1574.94
3960 1781.43
3950 1475.11
3940 1611.16
3930 1606.13
3920 1530.38
3910 1578.65
3900 1877.23
3890 1683.82
3880 1505.35
3870 1570.73
3860 1191.53
3850 1211.16
3840 1250.39
3830 1266.68
3820 1281.4
3810 1292.87
3800 1350.51
3790 1248.65
3780 1429.95
3770 1656.11
3760 1590.81
3750 1489.02
3740 1414.91
3730 1336.44
3720 1175.98
3710 1336.27
3700 1460.48
3690 1396.89
3680 1532.81
3670 1349.21
3660 1238.78
3650 1183.82
3640 1024.24
3630 1312.72
3620 1452.84
3610 1448.03
3600 1515.6
3590 1374.42
3580 1300.87
3570 1477.83
3560 1570.09
3550 1351.07
3540 1308.67
3530 1351.26
3520 1545.92
3510 1376.67
3500 1366.21
3490 1312.01
3480 1466.03
3470 1540.15
3460 1329.11
3450 1513.52
3440 1454.29
3430 1382.78
3420 1185.69
3410 1552.43
3400 1191.96
3390 1283.92
3380 1302.83
3370 1302.94
3360 1277.42
3350 1275.14
3340 1293.93
3330 1541.99
3320 1340.23
3310 1366.83
3300 1335.93
3290 1386.35
3280 1432.43
3270 1388.02
3260 1480.41
3250 1369.59
3240 1523.09
3230 1367.12
3220 1553.57
3210 1528.9
3200 1403.26
3190 1431.26
3180 1068.13
3170 1128.57
3160 1216.22
3150 1192.29
3140 1320.47
3130 1379.46
3120 1502.18
3110 1537.51
3100 1701.82
3090 1610.66
3080 1450.41
3070 1472.78
3060 1438.16
3050 1666.42
3040 1690.01
3030 1520.55
3020 1277.11
3010 1529.03
3000 1879.91
2990 1563.11
2980 1617.18
2970 1675.68
2960 1600.09
2950 1502.03
2940 1413.94
2930 1571.13
2920 1648.19
2910 1415.4
2900 1498.12
2890 1373.42
2880 1403.99
2870 1500.12
2860 1572.15
2850 1452.83
2840 1410.15
2830 1587.96
2820 1640.41
2810 1455.06
2800 1398.14
2790 1183.81
2780 1286.57
2770 1436.49
2760 1476.56
2750 1500.64
2740 1212.41
2730 1282.4
2720 1398.05
2710 1234.11
2700 1572.64
2690 1386.25
2680 1457.32
2670 1316.97
2660 1507.29
2650 1493.67
2640 1440.48
2630 1470.77
2620 1288.12
2610 1367.67
2600 1475.68
2590 1320.63
2580 1054.52
2570 1150.18
2560 1108.37
2550 1118.74
2540 1363.3
2530 1434.25
2520 1297.7
2510 1094.41
2500 1300.15
2490 1243.46
2480 1226.56
2470 1361.62
2460 1418.18
2450 1066.27
2440 1212.83
2430 1140.03
2420 1331.65
2410 1340.07
2400 1149.44
2390 1158.37
2380 1434.84
2370 1378.71
2360 1406.67
2350 1346.12
2340 1369.93
2330 1356.49
2320 1375.96
2310 1328.05
2300 1300.37
2290 1292.11
2280 1250.15
2270 1298.75
2260 1266.6
2250 1168.69
2240 1463.33
2230 1429.57
2220 1668.58
2210 1373.92
2200 1278.29
2190 1155.7
2180 904.457
2170 1257.48
2160 1169.95
2150 1042.21
2140 1134.49
2130 1214.13
2120 1090.78
2110 1185.93
2100 1059.48
2090 1140.5
2080 1055.98
2070 835.088
2060 1166.23
2050 1068.05
2040 1120.88
2030 1281.78
2020 1299.59
2010 1182.75
2000 1292.31
2000 1292.31
