1914 1359.2
1915 1088.2
1916 1796.4
1917 1406.3
1918 1624.2
1919 1215.2
1920 1650.8
1921 1513.5
1922 1280.3
1923 1745.2
1924 1580.8
1925 1547.8
1926 1713.8
1927 1747.5
1928 2222.6
1929 1615.1
1930 1727.4
1931 1562.1
1932 1800.9
1933 1119.7
1934 1675.5
1935 1521.6
1936 1484.8
1937 1300.7
1938 1984
1939 1464.5
1940 1390.1
1941 1228.8
1942 1511.7
1943 1702.4
1944 1574
1945 1449.5
1946 1652
1947 1380.5
1948 1872.2
1949 1574
1950 1774.2
1951 1695.1
1952 1227
1953 1400.5
1954 2050.3
1955 1121.3
1956 1390.3
1957 1517.4
1958 1398.5
1959 1411.7
1960 1562
1961 1431.6
1962 1584.1
1963 1574.9
1964 1383.4
1965 1524.5
1966 1546.2
1967 1677.1
1968 1376.4
1969 1137.5
1970 1440.2
1971 1196
1972 1417.8
1973 1028.1
1974 1550.2
1975 1337.3
1976 1298
1977 1692.5
1978 1437.5
1979 1647.8
1980 1626.9
1981 1637.8
1982 1906.8
1983 1560.5
1984 1410.6
1985 1873.2
1986 1962
1987 1524.7
1988 1746.3
1989 1570.8
1990 1975.2
1991 1647.1
1992 1957.8
1993 1669.8
1994 1836.5
1995 1582.6
1996 1545.5
1997 1703
1998 1959.8
1999 1824.4
2000 1886.5
2001 1339.4
2002 2079.4
2003 1310.7
2004 1934.7
2005 1745.8
2006 1823.7
2007 1665.8
2008 2088.1
2009 2178.9
2010 1282.2
2011 2289.6
2012 1995.2
2013 1795.2
